100 0.000047
200 0.000161
300 0.000372
400 0.000660
500 0.000985
600 0.001641
700 0.001862
800 0.002054
900 0.002481
1000 0.003681
1100 0.003763
1200 0.003650
1300 0.004624
1400 0.005614
1500 0.005370
1600 0.007613
1700 0.008546
1800 0.010601
1900 0.010632
2000 0.010116
2100 0.012960
2200 0.014983
2300 0.013802
2400 0.014710
2500 0.017138
2600 0.016837
2700 0.017528
2800 0.018524
2900 0.020007
3000 0.022141
3100 0.021505
3200 0.024022
3300 0.027198
3400 0.031410
3500 0.032032
3600 0.034923
3700 0.037141
3800 0.032909
3900 0.034716
4000 0.038133
4100 0.050059
4200 0.073098
4300 0.048978
4400 0.071597
4500 0.062954
4600 0.048354
4700 0.051456
4800 0.054368
4900 0.053974
5000 0.057977
5100 0.059722
5200 0.061714
5300 0.063027
5400 0.071704
5500 0.080214
5600 0.080451
5700 0.076687
5800 0.072221
5900 0.080101
6000 0.087823
6100 0.094010
6200 0.093520
6300 0.094847
6400 0.093760
6500 0.104326
6600 0.108222
6700 0.114499
6800 0.116224
6900 0.118020
7000 0.129784
7100 0.163976
7200 0.149528
7300 0.165099
7400 0.152508
7500 0.144286
7600 0.150500
7700 0.157765
7800 0.175202
7900 0.176991
8000 0.166793
8100 0.157201
8200 0.177682
8300 0.193695
8400 0.221314
8500 0.194875
8600 0.183426
8700 0.189778
8800 0.189752
8900 0.196241
9000 0.232787
9100 0.210399
9200 0.235361
9300 0.257406
9400 0.292307
9500 0.314955
9600 0.298351
9700 0.317689
9800 0.331774
9900 0.311423
10000 0.308408
