1000 0.000075
2000 0.000133
3000 0.000261
4000 0.000333
5000 0.000346
6000 0.000409
7000 0.000522
8000 0.000640
9000 0.000642
10000 0.000714
11000 0.000796
12000 0.000862
13000 0.000954
14000 0.001027
15000 0.001115
16000 0.001200
17000 0.001286
18000 0.001367
19000 0.001486
20000 0.001524
21000 0.001653
22000 0.001854
23000 0.002265
24000 0.002103
25000 0.002146
26000 0.002027
27000 0.002145
28000 0.002371
29000 0.002601
30000 0.002648
31000 0.002470
32000 0.002585
33000 0.002704
34000 0.003237
35000 0.003574
36000 0.002929
37000 0.003007
38000 0.003123
39000 0.003617
40000 0.003897
41000 0.003607
42000 0.003646
43000 0.004687
44000 0.003930
45000 0.004099
46000 0.003874
47000 0.003993
48000 0.004000
49000 0.004300
50000 0.004170
51000 0.004446
52000 0.005109
53000 0.004461
54000 0.004606
55000 0.004720
56000 0.004798
57000 0.006294
58000 0.004965
59000 0.005955
60000 0.005191
61000 0.005274
62000 0.005368
63000 0.006385
64000 0.005705
65000 0.005670
66000 0.005738
67000 0.006854
68000 0.006021
69000 0.006082
70000 0.006191
71000 0.006306
72000 0.007590
73000 0.006502
74000 0.006551
75000 0.006657
76000 0.006800
77000 0.006877
78000 0.006958
79000 0.007098
80000 0.007126
81000 0.007229
82000 0.007361
83000 0.007407
84000 0.007525
85000 0.007684
86000 0.007767
87000 0.007920
88000 0.007949
89000 0.008067
90000 0.008153
91000 0.008269
92000 0.008413
93000 0.008445
94000 0.009948
95000 0.008606
96000 0.008709
97000 0.008807
98000 0.008897
99000 0.008988
100000 0.009092
