1000 0.004132
2000 0.008134
3000 0.019127
4000 0.034291
5000 0.051626
6000 0.073751
7000 0.101924
8000 0.135519
9000 0.177084
10000 0.221697
11000 0.277408
12000 0.355582
13000 0.583851
14000 0.681744
15000 0.815811
16000 0.922981
17000 1.039073
18000 1.167118
19000 1.322569
20000 1.290605
21000 1.195455
22000 1.328163
23000 1.458562
24000 1.693734
25000 2.366440
26000 2.631027
27000 2.909632
28000 3.060717
29000 3.287671
30000 3.528350
31000 3.793074
32000 4.054094
33000 4.317209
34000 4.575502
35000 4.872986
36000 5.178669
37000 5.468018
38000 5.771843
39000 6.027166
40000 4.991750
41000 5.779047
42000 5.259441
43000 6.338212
44000 6.550683
45000 6.557950
46000 7.011908
47000 8.820367
48000 7.834988
49000 8.691061
50000 8.372850
51000 9.442994
52000 9.046486
53000 9.040182
54000 9.921638
55000 9.687403
56000 10.317917
57000 10.968974
58000 11.912663
59000 13.275043
60000 11.745685
61000 13.844834
62000 14.272657
63000 13.458558
64000 15.404148
65000 13.792912
66000 15.505250
67000 13.970136
68000 17.069124
69000 17.005837
70000 15.833902
71000 16.334872
72000 18.723407
73000 16.308172
74000 17.676197
75000 18.090623
76000 18.885384
77000 20.366600
78000 22.422689
79000 22.374188
80000 22.770256
81000 25.211961
82000 23.441584
83000 22.559493
84000 24.554349
85000 27.117704
86000 25.582902
87000 26.601780
88000 25.045263
89000 29.356135
90000 27.457522
91000 28.103378
92000 30.479437
93000 29.705940
94000 28.942157
95000 32.491786
96000 29.536168
97000 31.780257
98000 30.536791
99000 30.168201
100000 32.363352
